30
354
2
0 2 1.815996297001063 7.570023391144527 1.776497557464431 6.889431480614172
0 1 1.815996297001063 7.570023391144527 1.8163628437223605 6.889488891170735
0 4 1.815996297001063 7.570023391144527 2.3174528388985327 6.94174157175893
0 5 1.815996297001063 7.570023391144527 1.3765512897799757 7.329096207486792
0 6 1.815996297001063 7.570023391144527 1.889224680628772 6.731243630699922
0 9 1.815996297001063 7.570023391144527 2.0245366342862052 7.139923711409288
0 12 1.815996297001063 7.570023391144527 2.283342256568986 7.353659590783248
0 13 1.815996297001063 7.570023391144527 1.5310208159805114 6.716121767570724
1 3 1.8163628437223605 6.889488891170735 2.1116411234755827 7.164027569171631
1 4 1.8163628437223605 6.889488891170735 2.3174528388985327 6.94174157175893
1 6 1.8163628437223605 6.889488891170735 1.889224680628772 6.731243630699922
1 11 1.8163628437223605 6.889488891170735 2.157260630413904 6.628018997921449
1 13 1.8163628437223605 6.889488891170735 1.5310208159805114 6.716121767570724
2 4 1.776497557464431 6.889431480614172 2.3174528388985327 6.94174157175893
2 0 1.776497557464431 6.889431480614172 1.815996297001063 7.570023391144527
2 1 1.776497557464431 6.889431480614172 1.8163628437223605 6.889488891170735
2 3 1.776497557464431 6.889431480614172 2.1116411234755827 7.164027569171631
2 6 1.776497557464431 6.889431480614172 1.889224680628772 6.731243630699922
2 7 1.776497557464431 6.889431480614172 1.5167976454323537 7.2947233299396075
2 9 1.776497557464431 6.889431480614172 2.0245366342862052 7.139923711409288
2 11 1.776497557464431 6.889431480614172 2.157260630413904 6.628018997921449
2 13 1.776497557464431 6.889431480614172 1.5310208159805114 6.716121767570724
3 5 2.1116411234755827 7.164027569171631 1.3765512897799757 7.329096207486792
3 0 2.1116411234755827 7.164027569171631 1.815996297001063 7.570023391144527
3 1 2.1116411234755827 7.164027569171631 1.8163628437223605 6.889488891170735
3 2 2.1116411234755827 7.164027569171631 1.776497557464431 6.889431480614172
3 4 2.1116411234755827 7.164027569171631 2.3174528388985327 6.94174157175893
3 6 2.1116411234755827 7.164027569171631 1.889224680628772 6.731243630699922
3 8 2.1116411234755827 7.164027569171631 1.610030669353921 6.890953026831249
3 9 2.1116411234755827 7.164027569171631 2.0245366342862052 7.139923711409288
3 10 2.1116411234755827 7.164027569171631 2.0904127050534185 6.896995050307227
3 11 2.1116411234755827 7.164027569171631 2.157260630413904 6.628018997921449
3 12 2.1116411234755827 7.164027569171631 2.283342256568986 7.353659590783248
4 6 2.3174528388985327 6.94174157175893 1.889224680628772 6.731243630699922
4 0 2.3174528388985327 6.94174157175893 1.815996297001063 7.570023391144527
4 1 2.3174528388985327 6.94174157175893 1.8163628437223605 6.889488891170735
4 5 2.3174528388985327 6.94174157175893 1.3765512897799757 7.329096207486792
4 7 2.3174528388985327 6.94174157175893 1.5167976454323537 7.2947233299396075
4 8 2.3174528388985327 6.94174157175893 1.610030669353921 6.890953026831249
4 9 2.3174528388985327 6.94174157175893 2.0245366342862052 7.139923711409288
4 10 2.3174528388985327 6.94174157175893 2.0904127050534185 6.896995050307227
4 11 2.3174528388985327 6.94174157175893 2.157260630413904 6.628018997921449
4 12 2.3174528388985327 6.94174157175893 2.283342256568986 7.353659590783248
4 13 2.3174528388985327 6.94174157175893 1.5310208159805114 6.716121767570724
5 7 1.3765512897799757 7.329096207486792 1.5167976454323537 7.2947233299396075
5 0 1.3765512897799757 7.329096207486792 1.815996297001063 7.570023391144527
5 1 1.3765512897799757 7.329096207486792 1.8163628437223605 6.889488891170735
5 2 1.3765512897799757 7.329096207486792 1.776497557464431 6.889431480614172
5 3 1.3765512897799757 7.329096207486792 2.1116411234755827 7.164027569171631
5 4 1.3765512897799757 7.329096207486792 2.3174528388985327 6.94174157175893
5 8 1.3765512897799757 7.329096207486792 1.610030669353921 6.890953026831249
5 9 1.3765512897799757 7.329096207486792 2.0245366342862052 7.139923711409288
6 8 1.889224680628772 6.731243630699922 1.610030669353921 6.890953026831249
6 2 1.889224680628772 6.731243630699922 1.776497557464431 6.889431480614172
6 7 1.889224680628772 6.731243630699922 1.5167976454323537 7.2947233299396075
6 9 1.889224680628772 6.731243630699922 2.0245366342862052 7.139923711409288
6 10 1.889224680628772 6.731243630699922 2.0904127050534185 6.896995050307227
6 11 1.889224680628772 6.731243630699922 2.157260630413904 6.628018997921449
7 9 1.5167976454323537 7.2947233299396075 2.0245366342862052 7.139923711409288
7 1 1.5167976454323537 7.2947233299396075 1.8163628437223605 6.889488891170735
7 3 1.5167976454323537 7.2947233299396075 2.1116411234755827 7.164027569171631
7 4 1.5167976454323537 7.2947233299396075 2.3174528388985327 6.94174157175893
7 5 1.5167976454323537 7.2947233299396075 1.3765512897799757 7.329096207486792
7 6 1.5167976454323537 7.2947233299396075 1.889224680628772 6.731243630699922
7 8 1.5167976454323537 7.2947233299396075 1.610030669353921 6.890953026831249
7 10 1.5167976454323537 7.2947233299396075 2.0904127050534185 6.896995050307227
7 11 1.5167976454323537 7.2947233299396075 2.157260630413904 6.628018997921449
8 10 1.610030669353921 6.890953026831249 2.0904127050534185 6.896995050307227
8 0 1.610030669353921 6.890953026831249 1.815996297001063 7.570023391144527
8 1 1.610030669353921 6.890953026831249 1.8163628437223605 6.889488891170735
8 2 1.610030669353921 6.890953026831249 1.776497557464431 6.889431480614172
8 4 1.610030669353921 6.890953026831249 2.3174528388985327 6.94174157175893
8 7 1.610030669353921 6.890953026831249 1.5167976454323537 7.2947233299396075
8 9 1.610030669353921 6.890953026831249 2.0245366342862052 7.139923711409288
8 11 1.610030669353921 6.890953026831249 2.157260630413904 6.628018997921449
8 13 1.610030669353921 6.890953026831249 1.5310208159805114 6.716121767570724
9 11 2.0245366342862052 7.139923711409288 2.157260630413904 6.628018997921449
9 1 2.0245366342862052 7.139923711409288 1.8163628437223605 6.889488891170735
9 2 2.0245366342862052 7.139923711409288 1.776497557464431 6.889431480614172
9 3 2.0245366342862052 7.139923711409288 2.1116411234755827 7.164027569171631
9 4 2.0245366342862052 7.139923711409288 2.3174528388985327 6.94174157175893
9 6 2.0245366342862052 7.139923711409288 1.889224680628772 6.731243630699922
9 7 2.0245366342862052 7.139923711409288 1.5167976454323537 7.2947233299396075
9 8 2.0245366342862052 7.139923711409288 1.610030669353921 6.890953026831249
9 10 2.0245366342862052 7.139923711409288 2.0904127050534185 6.896995050307227
9 12 2.0245366342862052 7.139923711409288 2.283342256568986 7.353659590783248
9 13 2.0245366342862052 7.139923711409288 1.5310208159805114 6.716121767570724
10 12 2.0904127050534185 6.896995050307227 2.283342256568986 7.353659590783248
10 0 2.0904127050534185 6.896995050307227 1.815996297001063 7.570023391144527
10 3 2.0904127050534185 6.896995050307227 2.1116411234755827 7.164027569171631
10 6 2.0904127050534185 6.896995050307227 1.889224680628772 6.731243630699922
10 7 2.0904127050534185 6.896995050307227 1.5167976454323537 7.2947233299396075
10 8 2.0904127050534185 6.896995050307227 1.610030669353921 6.890953026831249
10 9 2.0904127050534185 6.896995050307227 2.0245366342862052 7.139923711409288
10 11 2.0904127050534185 6.896995050307227 2.157260630413904 6.628018997921449
11 13 2.157260630413904 6.628018997921449 1.5310208159805114 6.716121767570724
11 0 2.157260630413904 6.628018997921449 1.815996297001063 7.570023391144527
11 1 2.157260630413904 6.628018997921449 1.8163628437223605 6.889488891170735
11 2 2.157260630413904 6.628018997921449 1.776497557464431 6.889431480614172
11 3 2.157260630413904 6.628018997921449 2.1116411234755827 7.164027569171631
11 4 2.157260630413904 6.628018997921449 2.3174528388985327 6.94174157175893
11 6 2.157260630413904 6.628018997921449 1.889224680628772 6.731243630699922
11 8 2.157260630413904 6.628018997921449 1.610030669353921 6.890953026831249
11 10 2.157260630413904 6.628018997921449 2.0904127050534185 6.896995050307227
11 12 2.157260630413904 6.628018997921449 2.283342256568986 7.353659590783248
12 14 2.283342256568986 7.353659590783248 1.913925674363277 2.094704067930805
12 1 2.283342256568986 7.353659590783248 1.8163628437223605 6.889488891170735
12 5 2.283342256568986 7.353659590783248 1.3765512897799757 7.329096207486792
12 6 2.283342256568986 7.353659590783248 1.889224680628772 6.731243630699922
12 7 2.283342256568986 7.353659590783248 1.5167976454323537 7.2947233299396075
12 8 2.283342256568986 7.353659590783248 1.610030669353921 6.890953026831249
12 9 2.283342256568986 7.353659590783248 2.0245366342862052 7.139923711409288
12 10 2.283342256568986 7.353659590783248 2.0904127050534185 6.896995050307227
12 11 2.283342256568986 7.353659590783248 2.157260630413904 6.628018997921449
13 15 1.5310208159805114 6.716121767570724 2.0383103024568343 2.1936395164157516
13 2 1.5310208159805114 6.716121767570724 1.776497557464431 6.889431480614172
13 7 1.5310208159805114 6.716121767570724 1.5167976454323537 7.2947233299396075
13 8 1.5310208159805114 6.716121767570724 1.610030669353921 6.890953026831249
13 9 1.5310208159805114 6.716121767570724 2.0245366342862052 7.139923711409288
13 10 1.5310208159805114 6.716121767570724 2.0904127050534185 6.896995050307227
13 11 1.5310208159805114 6.716121767570724 2.157260630413904 6.628018997921449
13 12 1.5310208159805114 6.716121767570724 2.283342256568986 7.353659590783248
14 16 1.913925674363277 2.094704067930805 2.1154992083702697 1.6736042263611879
14 15 1.913925674363277 2.094704067930805 2.0383103024568343 2.1936395164157516
14 18 1.913925674363277 2.094704067930805 2.473950309304732 2.0301094535027304
14 20 1.913925674363277 2.094704067930805 2.381369109363397 1.5667848718063255
14 21 1.913925674363277 2.094704067930805 2.483791920159308 1.9465618290073146
15 17 2.0383103024568343 2.1936395164157516 2.116675995494566 1.9521459275716717
15 14 2.0383103024568343 2.1936395164157516 1.913925674363277 2.094704067930805
15 18 2.0383103024568343 2.1936395164157516 2.473950309304732 2.0301094535027304
15 19 2.0383103024568343 2.1936395164157516 2.2516862801635376 2.187339631496576
15 20 2.0383103024568343 2.1936395164157516 2.381369109363397 1.5667848718063255
15 21 2.0383103024568343 2.1936395164157516 2.483791920159308 1.9465618290073146
16 18 2.1154992083702697 1.6736042263611879 2.473950309304732 2.0301094535027304
16 14 2.1154992083702697 1.6736042263611879 1.913925674363277 2.094704067930805
16 17 2.1154992083702697 1.6736042263611879 2.116675995494566 1.9521459275716717
16 21 2.1154992083702697 1.6736042263611879 2.483791920159308 1.9465618290073146
17 19 2.116675995494566 1.9521459275716717 2.2516862801635376 2.187339631496576
17 14 2.116675995494566 1.9521459275716717 1.913925674363277 2.094704067930805
17 15 2.116675995494566 1.9521459275716717 2.0383103024568343 2.1936395164157516
17 21 2.116675995494566 1.9521459275716717 2.483791920159308 1.9465618290073146
18 20 2.473950309304732 2.0301094535027304 2.381369109363397 1.5667848718063255
18 14 2.473950309304732 2.0301094535027304 1.913925674363277 2.094704067930805
18 19 2.473950309304732 2.0301094535027304 2.2516862801635376 2.187339631496576
19 21 2.2516862801635376 2.187339631496576 2.483791920159308 1.9465618290073146
19 20 2.2516862801635376 2.187339631496576 2.381369109363397 1.5667848718063255
20 22 2.381369109363397 1.5667848718063255 0.997050377950759 1.7218153096934041
21 23 2.483791920159308 1.9465618290073146 0.5681823158258313 2.3550302510214007
21 14 2.483791920159308 1.9465618290073146 1.913925674363277 2.094704067930805
21 15 2.483791920159308 1.9465618290073146 2.0383103024568343 2.1936395164157516
21 16 2.483791920159308 1.9465618290073146 2.1154992083702697 1.6736042263611879
21 17 2.483791920159308 1.9465618290073146 2.116675995494566 1.9521459275716717
21 18 2.483791920159308 1.9465618290073146 2.473950309304732 2.0301094535027304
21 19 2.483791920159308 1.9465618290073146 2.2516862801635376 2.187339631496576
22 24 0.997050377950759 1.7218153096934041 0.881699652492606 2.010298117066939
22 23 0.997050377950759 1.7218153096934041 0.5681823158258313 2.3550302510214007
22 25 0.997050377950759 1.7218153096934041 0.11804835066073416 1.9297017562637804
22 28 0.997050377950759 1.7218153096934041 0.550921688499127 2.3685946997924594
23 25 0.5681823158258313 2.3550302510214007 0.11804835066073416 1.9297017562637804
23 22 0.5681823158258313 2.3550302510214007 0.997050377950759 1.7218153096934041
23 27 0.5681823158258313 2.3550302510214007 0.8300067107525978 1.785507725948356
23 28 0.5681823158258313 2.3550302510214007 0.550921688499127 2.3685946997924594
23 29 0.5681823158258313 2.3550302510214007 0.6108678443913215 1.9450330028921465
24 26 0.881699652492606 2.010298117066939 0.4165646269957717 1.9700201294145931
24 23 0.881699652492606 2.010298117066939 0.5681823158258313 2.3550302510214007
24 27 0.881699652492606 2.010298117066939 0.8300067107525978 1.785507725948356
24 28 0.881699652492606 2.010298117066939 0.550921688499127 2.3685946997924594
25 27 0.11804835066073416 1.9297017562637804 0.8300067107525978 1.785507725948356
25 23 0.11804835066073416 1.9297017562637804 0.5681823158258313 2.3550302510214007
25 26 0.11804835066073416 1.9297017562637804 0.4165646269957717 1.9700201294145931
25 28 0.11804835066073416 1.9297017562637804 0.550921688499127 2.3685946997924594
25 29 0.11804835066073416 1.9297017562637804 0.6108678443913215 1.9450330028921465
26 28 0.4165646269957717 1.9700201294145931 0.550921688499127 2.3685946997924594
26 22 0.4165646269957717 1.9700201294145931 0.997050377950759 1.7218153096934041
26 23 0.4165646269957717 1.9700201294145931 0.5681823158258313 2.3550302510214007
26 25 0.4165646269957717 1.9700201294145931 0.11804835066073416 1.9297017562637804
26 27 0.4165646269957717 1.9700201294145931 0.8300067107525978 1.785507725948356
26 29 0.4165646269957717 1.9700201294145931 0.6108678443913215 1.9450330028921465
27 29 0.8300067107525978 1.785507725948356 0.6108678443913215 1.9450330028921465
27 22 0.8300067107525978 1.785507725948356 0.997050377950759 1.7218153096934041
27 23 0.8300067107525978 1.785507725948356 0.5681823158258313 2.3550302510214007
27 25 0.8300067107525978 1.785507725948356 0.11804835066073416 1.9297017562637804
27 28 0.8300067107525978 1.785507725948356 0.550921688499127 2.3685946997924594
28 22 0.550921688499127 2.3685946997924594 0.997050377950759 1.7218153096934041
28 23 0.550921688499127 2.3685946997924594 0.5681823158258313 2.3550302510214007
28 24 0.550921688499127 2.3685946997924594 0.881699652492606 2.010298117066939
28 25 0.550921688499127 2.3685946997924594 0.11804835066073416 1.9297017562637804
28 26 0.550921688499127 2.3685946997924594 0.4165646269957717 1.9700201294145931
28 27 0.550921688499127 2.3685946997924594 0.8300067107525978 1.785507725948356
28 29 0.550921688499127 2.3685946997924594 0.6108678443913215 1.9450330028921465
29 22 0.6108678443913215 1.9450330028921465 0.997050377950759 1.7218153096934041
29 23 0.6108678443913215 1.9450330028921465 0.5681823158258313 2.3550302510214007
29 24 0.6108678443913215 1.9450330028921465 0.881699652492606 2.010298117066939
29 25 0.6108678443913215 1.9450330028921465 0.11804835066073416 1.9297017562637804
29 26 0.6108678443913215 1.9450330028921465 0.4165646269957717 1.9700201294145931
29 27 0.6108678443913215 1.9450330028921465 0.8300067107525978 1.785507725948356
29 28 0.6108678443913215 1.9450330028921465 0.550921688499127 2.3685946997924594
0 2 1.815996297001063 7.570023391144527 1.776497557464431 6.889431480614172
0 14 1.815996297001063 7.570023391144527 1.913925674363277 2.094704067930805
0 16 1.815996297001063 7.570023391144527 2.1154992083702697 1.6736042263611879
0 18 1.815996297001063 7.570023391144527 2.473950309304732 2.0301094535027304
0 19 1.815996297001063 7.570023391144527 2.2516862801635376 2.187339631496576
0 20 1.815996297001063 7.570023391144527 2.381369109363397 1.5667848718063255
0 21 1.815996297001063 7.570023391144527 2.483791920159308 1.9465618290073146
1 3 1.8163628437223605 6.889488891170735 2.1116411234755827 7.164027569171631
1 14 1.8163628437223605 6.889488891170735 1.913925674363277 2.094704067930805
1 15 1.8163628437223605 6.889488891170735 2.0383103024568343 2.1936395164157516
1 16 1.8163628437223605 6.889488891170735 2.1154992083702697 1.6736042263611879
1 17 1.8163628437223605 6.889488891170735 2.116675995494566 1.9521459275716717
1 18 1.8163628437223605 6.889488891170735 2.473950309304732 2.0301094535027304
1 19 1.8163628437223605 6.889488891170735 2.2516862801635376 2.187339631496576
2 4 1.776497557464431 6.889431480614172 2.3174528388985327 6.94174157175893
2 15 1.776497557464431 6.889431480614172 2.0383103024568343 2.1936395164157516
2 16 1.776497557464431 6.889431480614172 2.1154992083702697 1.6736042263611879
2 19 1.776497557464431 6.889431480614172 2.2516862801635376 2.187339631496576
2 21 1.776497557464431 6.889431480614172 2.483791920159308 1.9465618290073146
3 5 2.1116411234755827 7.164027569171631 1.3765512897799757 7.329096207486792
3 14 2.1116411234755827 7.164027569171631 1.913925674363277 2.094704067930805
3 15 2.1116411234755827 7.164027569171631 2.0383103024568343 2.1936395164157516
3 17 2.1116411234755827 7.164027569171631 2.116675995494566 1.9521459275716717
3 20 2.1116411234755827 7.164027569171631 2.381369109363397 1.5667848718063255
3 21 2.1116411234755827 7.164027569171631 2.483791920159308 1.9465618290073146
4 6 2.3174528388985327 6.94174157175893 1.889224680628772 6.731243630699922
4 14 2.3174528388985327 6.94174157175893 1.913925674363277 2.094704067930805
4 15 2.3174528388985327 6.94174157175893 2.0383103024568343 2.1936395164157516
4 16 2.3174528388985327 6.94174157175893 2.1154992083702697 1.6736042263611879
4 17 2.3174528388985327 6.94174157175893 2.116675995494566 1.9521459275716717
4 18 2.3174528388985327 6.94174157175893 2.473950309304732 2.0301094535027304
4 20 2.3174528388985327 6.94174157175893 2.381369109363397 1.5667848718063255
5 7 1.3765512897799757 7.329096207486792 1.5167976454323537 7.2947233299396075
5 14 1.3765512897799757 7.329096207486792 1.913925674363277 2.094704067930805
5 16 1.3765512897799757 7.329096207486792 2.1154992083702697 1.6736042263611879
5 17 1.3765512897799757 7.329096207486792 2.116675995494566 1.9521459275716717
5 19 1.3765512897799757 7.329096207486792 2.2516862801635376 2.187339631496576
5 20 1.3765512897799757 7.329096207486792 2.381369109363397 1.5667848718063255
5 21 1.3765512897799757 7.329096207486792 2.483791920159308 1.9465618290073146
6 8 1.889224680628772 6.731243630699922 1.610030669353921 6.890953026831249
6 14 1.889224680628772 6.731243630699922 1.913925674363277 2.094704067930805
6 15 1.889224680628772 6.731243630699922 2.0383103024568343 2.1936395164157516
6 17 1.889224680628772 6.731243630699922 2.116675995494566 1.9521459275716717
6 18 1.889224680628772 6.731243630699922 2.473950309304732 2.0301094535027304
6 19 1.889224680628772 6.731243630699922 2.2516862801635376 2.187339631496576
6 21 1.889224680628772 6.731243630699922 2.483791920159308 1.9465618290073146
7 9 1.5167976454323537 7.2947233299396075 2.0245366342862052 7.139923711409288
7 14 1.5167976454323537 7.2947233299396075 1.913925674363277 2.094704067930805
7 16 1.5167976454323537 7.2947233299396075 2.1154992083702697 1.6736042263611879
7 19 1.5167976454323537 7.2947233299396075 2.2516862801635376 2.187339631496576
7 20 1.5167976454323537 7.2947233299396075 2.381369109363397 1.5667848718063255
7 21 1.5167976454323537 7.2947233299396075 2.483791920159308 1.9465618290073146
8 10 1.610030669353921 6.890953026831249 2.0904127050534185 6.896995050307227
8 14 1.610030669353921 6.890953026831249 1.913925674363277 2.094704067930805
8 15 1.610030669353921 6.890953026831249 2.0383103024568343 2.1936395164157516
8 16 1.610030669353921 6.890953026831249 2.1154992083702697 1.6736042263611879
8 17 1.610030669353921 6.890953026831249 2.116675995494566 1.9521459275716717
8 18 1.610030669353921 6.890953026831249 2.473950309304732 2.0301094535027304
8 19 1.610030669353921 6.890953026831249 2.2516862801635376 2.187339631496576
8 21 1.610030669353921 6.890953026831249 2.483791920159308 1.9465618290073146
0 2 1.815996297001063 7.570023391144527 1.776497557464431 6.889431480614172
0 22 1.815996297001063 7.570023391144527 0.997050377950759 1.7218153096934041
0 23 1.815996297001063 7.570023391144527 0.5681823158258313 2.3550302510214007
0 24 1.815996297001063 7.570023391144527 0.881699652492606 2.010298117066939
0 25 1.815996297001063 7.570023391144527 0.11804835066073416 1.9297017562637804
0 26 1.815996297001063 7.570023391144527 0.4165646269957717 1.9700201294145931
0 27 1.815996297001063 7.570023391144527 0.8300067107525978 1.785507725948356
0 29 1.815996297001063 7.570023391144527 0.6108678443913215 1.9450330028921465
1 3 1.8163628437223605 6.889488891170735 2.1116411234755827 7.164027569171631
1 22 1.8163628437223605 6.889488891170735 0.997050377950759 1.7218153096934041
1 23 1.8163628437223605 6.889488891170735 0.5681823158258313 2.3550302510214007
1 24 1.8163628437223605 6.889488891170735 0.881699652492606 2.010298117066939
1 25 1.8163628437223605 6.889488891170735 0.11804835066073416 1.9297017562637804
1 26 1.8163628437223605 6.889488891170735 0.4165646269957717 1.9700201294145931
1 28 1.8163628437223605 6.889488891170735 0.550921688499127 2.3685946997924594
1 29 1.8163628437223605 6.889488891170735 0.6108678443913215 1.9450330028921465
2 4 1.776497557464431 6.889431480614172 2.3174528388985327 6.94174157175893
2 22 1.776497557464431 6.889431480614172 0.997050377950759 1.7218153096934041
2 25 1.776497557464431 6.889431480614172 0.11804835066073416 1.9297017562637804
2 26 1.776497557464431 6.889431480614172 0.4165646269957717 1.9700201294145931
2 28 1.776497557464431 6.889431480614172 0.550921688499127 2.3685946997924594
2 29 1.776497557464431 6.889431480614172 0.6108678443913215 1.9450330028921465
3 5 2.1116411234755827 7.164027569171631 1.3765512897799757 7.329096207486792
3 22 2.1116411234755827 7.164027569171631 0.997050377950759 1.7218153096934041
3 23 2.1116411234755827 7.164027569171631 0.5681823158258313 2.3550302510214007
3 24 2.1116411234755827 7.164027569171631 0.881699652492606 2.010298117066939
3 25 2.1116411234755827 7.164027569171631 0.11804835066073416 1.9297017562637804
3 27 2.1116411234755827 7.164027569171631 0.8300067107525978 1.785507725948356
3 28 2.1116411234755827 7.164027569171631 0.550921688499127 2.3685946997924594
4 6 2.3174528388985327 6.94174157175893 1.889224680628772 6.731243630699922
4 25 2.3174528388985327 6.94174157175893 0.11804835066073416 1.9297017562637804
4 27 2.3174528388985327 6.94174157175893 0.8300067107525978 1.785507725948356
4 28 2.3174528388985327 6.94174157175893 0.550921688499127 2.3685946997924594
4 29 2.3174528388985327 6.94174157175893 0.6108678443913215 1.9450330028921465
5 7 1.3765512897799757 7.329096207486792 1.5167976454323537 7.2947233299396075
5 22 1.3765512897799757 7.329096207486792 0.997050377950759 1.7218153096934041
5 24 1.3765512897799757 7.329096207486792 0.881699652492606 2.010298117066939
5 25 1.3765512897799757 7.329096207486792 0.11804835066073416 1.9297017562637804
5 26 1.3765512897799757 7.329096207486792 0.4165646269957717 1.9700201294145931
5 27 1.3765512897799757 7.329096207486792 0.8300067107525978 1.785507725948356
5 28 1.3765512897799757 7.329096207486792 0.550921688499127 2.3685946997924594
14 16 1.913925674363277 2.094704067930805 2.1154992083702697 1.6736042263611879
14 22 1.913925674363277 2.094704067930805 0.997050377950759 1.7218153096934041
14 23 1.913925674363277 2.094704067930805 0.5681823158258313 2.3550302510214007
14 24 1.913925674363277 2.094704067930805 0.881699652492606 2.010298117066939
14 26 1.913925674363277 2.094704067930805 0.4165646269957717 1.9700201294145931
14 29 1.913925674363277 2.094704067930805 0.6108678443913215 1.9450330028921465
15 17 2.0383103024568343 2.1936395164157516 2.116675995494566 1.9521459275716717
15 22 2.0383103024568343 2.1936395164157516 0.997050377950759 1.7218153096934041
15 23 2.0383103024568343 2.1936395164157516 0.5681823158258313 2.3550302510214007
15 24 2.0383103024568343 2.1936395164157516 0.881699652492606 2.010298117066939
15 25 2.0383103024568343 2.1936395164157516 0.11804835066073416 1.9297017562637804
15 26 2.0383103024568343 2.1936395164157516 0.4165646269957717 1.9700201294145931
15 27 2.0383103024568343 2.1936395164157516 0.8300067107525978 1.785507725948356
15 29 2.0383103024568343 2.1936395164157516 0.6108678443913215 1.9450330028921465
16 18 2.1154992083702697 1.6736042263611879 2.473950309304732 2.0301094535027304
16 24 2.1154992083702697 1.6736042263611879 0.881699652492606 2.010298117066939
16 25 2.1154992083702697 1.6736042263611879 0.11804835066073416 1.9297017562637804
16 27 2.1154992083702697 1.6736042263611879 0.8300067107525978 1.785507725948356
16 28 2.1154992083702697 1.6736042263611879 0.550921688499127 2.3685946997924594
16 29 2.1154992083702697 1.6736042263611879 0.6108678443913215 1.9450330028921465
17 19 2.116675995494566 1.9521459275716717 2.2516862801635376 2.187339631496576
17 22 2.116675995494566 1.9521459275716717 0.997050377950759 1.7218153096934041
17 23 2.116675995494566 1.9521459275716717 0.5681823158258313 2.3550302510214007
17 24 2.116675995494566 1.9521459275716717 0.881699652492606 2.010298117066939
17 26 2.116675995494566 1.9521459275716717 0.4165646269957717 1.9700201294145931
17 27 2.116675995494566 1.9521459275716717 0.8300067107525978 1.785507725948356
17 28 2.116675995494566 1.9521459275716717 0.550921688499127 2.3685946997924594
18 20 2.473950309304732 2.0301094535027304 2.381369109363397 1.5667848718063255
18 23 2.473950309304732 2.0301094535027304 0.5681823158258313 2.3550302510214007
18 24 2.473950309304732 2.0301094535027304 0.881699652492606 2.010298117066939
18 25 2.473950309304732 2.0301094535027304 0.11804835066073416 1.9297017562637804
18 26 2.473950309304732 2.0301094535027304 0.4165646269957717 1.9700201294145931
18 27 2.473950309304732 2.0301094535027304 0.8300067107525978 1.785507725948356
19 21 2.2516862801635376 2.187339631496576 2.483791920159308 1.9465618290073146
19 22 2.2516862801635376 2.187339631496576 0.997050377950759 1.7218153096934041
19 23 2.2516862801635376 2.187339631496576 0.5681823158258313 2.3550302510214007
19 24 2.2516862801635376 2.187339631496576 0.881699652492606 2.010298117066939
19 25 2.2516862801635376 2.187339631496576 0.11804835066073416 1.9297017562637804
19 27 2.2516862801635376 2.187339631496576 0.8300067107525978 1.785507725948356
19 28 2.2516862801635376 2.187339631496576 0.550921688499127 2.3685946997924594
19 29 2.2516862801635376 2.187339631496576 0.6108678443913215 1.9450330028921465
20 22 2.381369109363397 1.5667848718063255 0.997050377950759 1.7218153096934041
20 23 2.381369109363397 1.5667848718063255 0.5681823158258313 2.3550302510214007
20 25 2.381369109363397 1.5667848718063255 0.11804835066073416 1.9297017562637804
20 26 2.381369109363397 1.5667848718063255 0.4165646269957717 1.9700201294145931
20 27 2.381369109363397 1.5667848718063255 0.8300067107525978 1.785507725948356
20 28 2.381369109363397 1.5667848718063255 0.550921688499127 2.3685946997924594
20 29 2.381369109363397 1.5667848718063255 0.6108678443913215 1.9450330028921465
21 23 2.483791920159308 1.9465618290073146 0.5681823158258313 2.3550302510214007
21 22 2.483791920159308 1.9465618290073146 0.997050377950759 1.7218153096934041
21 24 2.483791920159308 1.9465618290073146 0.881699652492606 2.010298117066939
21 25 2.483791920159308 1.9465618290073146 0.11804835066073416 1.9297017562637804
21 26 2.483791920159308 1.9465618290073146 0.4165646269957717 1.9700201294145931
21 27 2.483791920159308 1.9465618290073146 0.8300067107525978 1.785507725948356
21 28 2.483791920159308 1.9465618290073146 0.550921688499127 2.3685946997924594
21 29 2.483791920159308 1.9465618290073146 0.6108678443913215 1.9450330028921465

